id_batiment	id_salle	num_salle	capacite_salle	possede_tableau	possede_retro
1	1	1	151	0	1
1	2	2	275	1	0
1	3	3	113	1	0
1	4	4	215	0	1
1	5	5	147	1	1
1	6	6	59	0	1
1	7	7	62	1	1
1	8	8	51	0	0
1	9	9	206	0	0
1	10	10	75	0	0
1	11	11	104	0	1
1	12	12	154	0	0
1	13	13	250	1	1
1	14	14	209	1	1
1	15	15	194	1	0
1	16	16	64	1	0
1	17	17	233	1	1
1	18	18	230	1	1
1	19	19	190	0	0
1	20	20	235	0	0
1	21	21	107	0	0
1	22	22	92	1	0
1	23	23	124	1	0
1	24	24	245	0	1
1	25	25	290	0	0
1	26	26	91	0	0
1	27	27	178	1	0
1	28	28	291	0	1
1	29	29	163	1	1
2	30	30	227	0	0
2	31	31	296	0	0
2	32	32	289	1	0
2	33	33	57	0	0
2	34	34	227	1	0
2	35	35	146	1	0
2	36	36	202	1	1
2	37	37	117	1	0
2	38	38	295	0	0
2	39	39	67	1	0
2	40	40	33	0	0
2	41	41	231	0	0
2	42	42	299	1	0
2	43	43	90	0	1
2	44	44	175	1	1
2	45	45	294	1	0
2	46	46	195	1	0
2	47	47	191	1	1
2	48	48	36	0	0
2	49	49	151	0	0
2	50	50	220	1	1
2	51	51	207	0	0
2	52	52	160	0	1
2	53	53	75	0	0
2	54	54	210	1	0
2	55	55	293	1	0
2	56	56	137	0	0
2	57	57	131	0	0
2	58	58	83	1	1
3	59	59	34	0	1
3	60	60	121	1	1
3	61	61	271	0	0
3	62	62	117	1	0
3	63	63	207	0	0
3	64	64	187	1	0
3	65	65	130	1	0
3	66	66	274	0	1
3	67	67	112	1	1
3	68	68	138	1	1
3	69	69	261	0	0
3	70	70	82	0	1
3	71	71	56	1	1
3	72	72	105	1	0
3	73	73	39	1	0
3	74	74	173	0	0
3	75	75	220	1	0
3	76	76	252	0	0
3	77	77	70	0	1
3	78	78	86	1	1
3	79	79	179	1	1
3	80	80	78	1	1
3	81	81	230	0	1
3	82	82	53	0	0
3	83	83	164	1	1
3	84	84	163	1	1
3	85	85	187	1	1
3	86	86	196	0	0
3	87	87	175	0	1
4	88	88	210	0	1
4	89	89	188	0	1
4	90	90	142	0	0
4	91	91	174	0	1
4	92	92	247	0	0
4	93	93	106	0	1
4	94	94	66	0	0
4	95	95	40	1	1
4	96	96	60	0	1
4	97	97	296	1	0
4	98	98	95	0	1
4	99	99	60	0	0
4	100	100	39	1	1
4	101	101	244	0	0
4	102	102	65	0	1
4	103	103	277	1	0
4	104	104	155	1	1
4	105	105	100	0	0
4	106	106	203	0	1
4	107	107	177	1	1
4	108	108	93	1	0
4	109	109	274	1	0
4	110	110	286	1	1
4	111	111	137	1	0
4	112	112	135	1	0
4	113	113	33	1	0
4	114	114	57	0	1
4	115	115	38	0	0
4	116	116	190	1	1
5	117	117	299	1	0
5	118	118	169	1	0
5	119	119	87	1	1
5	120	120	122	1	0
5	121	121	154	1	0
5	122	122	182	1	0
5	123	123	189	0	1
5	124	124	227	1	0
5	125	125	182	1	0
5	126	126	153	1	1
5	127	127	212	0	1
5	128	128	278	0	0
5	129	129	262	1	1
5	130	130	266	1	0
5	131	131	30	1	1
5	132	132	211	0	0
5	133	133	248	0	1
5	134	134	136	0	1
5	135	135	81	0	0
5	136	136	276	0	0
5	137	137	233	1	0
5	138	138	175	0	0
5	139	139	235	0	0
5	140	140	249	1	0
5	141	141	257	1	0
5	142	142	204	1	1
5	143	143	179	1	1
5	144	144	153	0	1
5	145	145	216	0	1
6	146	146	268	0	0
6	147	147	143	1	1
6	148	148	300	0	1
6	149	149	144	0	0
6	150	150	245	0	1
6	151	151	36	1	0
6	152	152	300	1	0
6	153	153	274	0	1
6	154	154	272	0	0
6	155	155	201	0	0
6	156	156	174	0	0
6	157	157	62	1	1
6	158	158	271	0	1
6	159	159	33	1	1
6	160	160	30	1	0
6	161	161	168	0	1
6	162	162	150	0	0
6	163	163	102	1	0
6	164	164	132	1	1
6	165	165	183	1	0
6	166	166	283	0	1
6	167	167	146	0	0
6	168	168	202	1	1
6	169	169	181	1	0
6	170	170	252	0	1
6	171	171	104	0	1
6	172	172	215	1	0
6	173	173	80	0	0
6	174	174	213	1	0
7	175	175	148	0	0
7	176	176	164	0	0
7	177	177	216	0	0
7	178	178	162	0	1
7	179	179	132	1	0
7	180	180	299	0	1
7	181	181	206	1	1
7	182	182	158	0	1
7	183	183	187	0	1
7	184	184	287	1	1
7	185	185	297	1	0
7	186	186	120	0	0
7	187	187	245	0	0
7	188	188	148	0	0
7	189	189	256	1	1
7	190	190	68	1	1
7	191	191	179	1	1
7	192	192	80	1	1
7	193	193	123	0	1
7	194	194	135	1	0
7	195	195	287	1	1
7	196	196	243	0	0
7	197	197	128	1	1
7	198	198	278	1	0
7	199	199	279	0	1
7	200	200	272	1	0
7	201	201	60	0	0
7	202	202	113	0	1
7	203	203	63	0	1
8	204	204	190	0	0
8	205	205	32	1	1
8	206	206	250	0	0
8	207	207	89	0	0
8	208	208	77	0	1
8	209	209	298	0	1
8	210	210	292	0	0
8	211	211	210	1	1
8	212	212	196	0	1
8	213	213	294	1	1
8	214	214	148	0	0
8	215	215	222	1	0
8	216	216	146	0	0
8	217	217	293	0	1
8	218	218	164	0	0
8	219	219	128	0	0
8	220	220	279	1	1
8	221	221	102	1	1
8	222	222	85	1	0
8	223	223	190	0	1
8	224	224	161	0	0
8	225	225	249	0	0
8	226	226	163	1	0
8	227	227	254	1	0
8	228	228	149	0	1
8	229	229	140	0	1
8	230	230	79	0	1
8	231	231	197	1	0
8	232	232	203	1	1
9	233	233	35	1	1
9	234	234	118	1	0
9	235	235	143	0	1
9	236	236	268	0	0
9	237	237	70	1	1
9	238	238	144	1	0
9	239	239	143	0	1
9	240	240	33	1	1
9	241	241	159	1	1
9	242	242	286	0	0
9	243	243	262	1	1
9	244	244	243	0	0
9	245	245	48	1	0
9	246	246	220	0	0
9	247	247	156	0	0
9	248	248	225	1	0
9	249	249	195	0	1
9	250	250	166	0	0
9	251	251	110	1	0
9	252	252	106	0	0
9	253	253	233	1	1
9	254	254	52	0	0
9	255	255	250	0	1
9	256	256	264	1	1
9	257	257	254	1	0
9	258	258	244	1	1
9	259	259	153	0	0
9	260	260	195	1	1
9	261	261	244	1	1
